,City,Lat,Lng,Temp,Humidity,Cloudiness,Wind Speed,Country,Date
0,busselton,-33.64,115.35,16.92,100,24,3.15,AU,1546190504
1,vaini,15.34,74.49,18.67,56,0,2.62,IN,1546190504
2,east london,-33.02,27.91,22,83,0,4.1,ZA,1546189200
3,naze,5.43,7.07,31,70,0,4.1,NG,1546185600
4,kapaa,22.08,-159.32,21.81,81,75,6.2,US,1546188960
5,hermanus,-34.42,19.24,21.42,53,0,2.62,ZA,1546190505
6,dikson,73.51,80.55,-13.19,100,64,17.42,RU,1546190506
7,coleraine,55.13,-6.67,10.63,81,90,6.2,GB,1546188600
8,coihaique,-45.58,-72.07,14.55,54,75,4.1,CL,1546189200
9,georgetown,6.8,-58.16,26.53,83,75,7.2,GY,1546189200
10,nemuro,43.32,145.57,2.22,100,88,13.47,JP,1546190508
11,port blair,11.67,92.75,27.59,100,44,4.4,IN,1546190509
12,ushuaia,-54.81,-68.31,10.09,61,40,2.6,AR,1546189200
13,dire,9.18,38.92,17,51,0,4.1,ET,1546189200
14,jamestown,-33.21,138.6,15.77,90,0,1.9,AU,1546190511
15,kenai,60.55,-151.26,-6.16,88,90,5.1,US,1546188960
18,bluff,-23.58,149.07,20.32,86,0,4.42,AU,1546190512
19,mahebourg,-20.41,57.7,27,83,20,3.3,MU,1546189200
20,srednekolymsk,67.46,153.71,-41.76,0,0,1.15,RU,1546190513
21,ambilobe,-13.19,49.05,22.12,97,56,1.22,MG,1546190513
22,punta arenas,-53.16,-70.91,10,71,0,4.6,CL,1546189200
23,yulara,-25.24,130.99,32,27,88,5.7,AU,1546189200
24,caudebec-les-elbeuf,49.28,1.02,9,93,90,2.6,FR,1546187400
25,hilo,19.71,-155.08,21.1,97,75,1.5,US,1546188780
26,ardabil,38.25,48.3,-11,85,0,4.1,IR,1546188660
27,makakilo city,21.35,-158.09,24.64,73,40,3.1,US,1546189560
28,khatanga,71.98,102.47,-12.91,80,56,8.15,RU,1546190516
29,saldanha,41.42,-6.55,2.74,81,0,1.85,PT,1546190516
31,mathathane,-22.27,28.75,27.72,56,24,5.77,BW,1546190516
32,sorsk,54,90.25,-38.64,0,0,1.25,RU,1546190517
33,tourlaville,49.64,-1.57,9.68,93,90,4.1,FR,1546188600
35,portree,57.41,-6.19,9.82,96,92,9.82,GB,1546190518
36,port lincoln,-34.72,135.86,15.12,100,0,3.6,AU,1546190518
37,basco,40.33,-91.2,-0.33,70,1,5.7,US,1546188900
38,komsomolskiy,67.55,63.78,-12.19,79,76,8.42,RU,1546190519
39,provideniya,64.42,-173.23,-18.16,100,76,18.02,RU,1546190519
40,qaanaaq,77.48,-69.36,-24.76,97,0,4.42,GL,1546190519
41,longyearbyen,78.22,15.63,-14,71,75,5.7,NO,1546188600
42,shimanovsk,52,127.67,-24.64,78,0,2.42,RU,1546190520
43,bathsheba,13.22,-59.52,29,58,20,10.8,BB,1546189200
44,esperance,10.24,-61.45,30,48,20,7.2,TT,1546189200
45,tripoli,37.51,22.37,2.87,93,92,0.92,GR,1546190522
46,hobart,-42.88,147.33,16,77,75,2.6,AU,1546189200
47,saint anthony,43.97,-111.68,-2.78,88,90,4.6,US,1546189680
48,cabo san lucas,22.89,-109.91,18,52,20,3.1,MX,1546188000
49,pirovskoye,57.63,92.27,-19.09,60,0,3.85,RU,1546190523
50,pisco,-13.71,-76.2,22,30,0,4.6,PE,1546189200
51,albany,42.65,-73.75,-2.19,74,90,1.47,US,1546188840
52,takaka,-40.86,172.81,17.42,97,44,3.32,NZ,1546190525
53,luderitz,-26.65,15.16,19.39,67,0,7.67,NA,1546190525
54,mosquera,4.71,-74.23,21,30,20,4.1,CO,1546189200
55,chaplygin,53.24,39.97,-8.39,90,68,4.07,RU,1546190526
56,lebu,8.96,38.73,17,51,0,4.1,ET,1546189200
57,rikitea,-23.12,-134.97,25.72,100,20,5,PF,1546190527
58,sikonge,-5.63,32.75,27,51,40,0.77,TZ,1546189200
59,portland,45.52,-122.67,6.58,76,75,3.1,US,1546188780
60,atuona,-9.8,-139.03,26.87,100,56,8.87,PF,1546190528
62,tasiilaq,65.61,-37.64,-12,78,20,1,GL,1546188600
63,kavieng,-2.57,150.8,27.64,100,64,4.45,PG,1546190529
64,dolzhanskaya,46.63,37.8,-1.39,100,92,8.1,RU,1546190529
65,kodiak,39.95,-94.76,0.46,69,1,6.7,US,1546188900
66,aklavik,68.22,-135.01,-24,68,5,1.5,CA,1546189200
67,zhuhai,40.71,112.04,-18,49,0,3,CN,1546189200
69,cherskiy,68.75,161.3,-30.11,32,44,2.42,RU,1546190531
70,thompson,55.74,-97.86,-38,65,20,1.92,CA,1546185600
71,vila velha,-3.71,-38.6,30,66,0,6.2,BR,1546189200
72,yurimaguas,-5.9,-76.1,24,94,90,11.8,PE,1546189200
73,new norfolk,-42.78,147.06,16,77,75,2.6,AU,1546189200
75,ocosingo,16.91,-92.09,21.17,81,20,1.15,MX,1546190533
76,jumla,29.28,82.18,-14.51,83,0,0.77,NP,1546190533
77,ribeira grande,38.52,-28.7,14,82,90,5.7,PT,1546187400
78,vila franca do campo,37.72,-25.43,18,82,75,10.3,PT,1546187400
79,marrakesh,31.63,-7.99,19,37,20,2.6,MA,1546189200
80,luanda,-8.83,13.24,29,74,75,5.1,AO,1546185600
81,los llanos de aridane,28.66,-17.92,20,52,75,1,ES,1546189200
82,marsaxlokk,35.84,14.54,12,71,20,3.6,MT,1546188300
83,mataura,-46.19,168.86,13.72,96,88,2.47,NZ,1546190536
84,port alfred,-33.59,26.89,21.72,88,64,3.3,ZA,1546190536
86,torbay,47.66,-52.73,-1,92,90,10.3,CA,1546185600
87,middelburg,-25.77,29.46,16.74,93,88,1.3,ZA,1546190537
88,surt,31.21,16.59,12.49,100,0,1.57,LY,1546190537
89,cape town,-33.93,18.42,22,68,0,9.8,ZA,1546189200
90,corinto,-18.36,-44.46,27.17,78,68,3.1,BR,1546190538
91,yellowknife,62.45,-114.38,-34,73,20,3.1,CA,1546185600
92,harpalpur,25.29,79.33,8.87,69,0,1.17,IN,1546190540
93,svetlaya,46.54,138.33,-10.36,100,0,4.75,RU,1546190540
94,avarua,-21.21,-159.78,27,83,75,4.1,CK,1546189200
95,kuytun,54.34,101.51,-30.16,32,24,2.2,RU,1546190541
96,pinega,64.7,43.39,-5.11,81,76,2.87,RU,1546190541
97,chokurdakh,70.62,147.9,-25.91,66,64,6.7,RU,1546190542
98,carnarvon,-30.97,22.13,27.97,14,80,3.27,ZA,1546190542
99,zhangjiakou,40.77,114.88,-21.41,66,36,1.25,CN,1546190543
100,tilichiki,60.47,166.1,-28.26,80,0,3.62,RU,1546190543
101,moses lake,47.13,-119.28,4.18,67,1,2.1,US,1546188780
102,namibe,-15.19,12.15,23.89,100,12,4.62,AO,1546190544
103,bethel,60.79,-161.76,0.45,91,90,9.3,US,1546188960
104,sisimiut,66.94,-53.67,-18.44,100,44,1.05,GL,1546190544
106,coquimbo,-29.95,-71.34,20,64,0,7.2,CL,1546189200
108,margate,-43.03,147.26,16,77,75,2.6,AU,1546189200
109,ulladulla,-35.36,150.48,21.09,96,44,4.67,AU,1546190547
110,souillac,45.6,-0.6,7.87,76,0,5.1,FR,1546187400
111,mpika,-11.84,31.4,19.97,88,56,2.47,ZM,1546190548
112,huadian,42.97,126.75,-29.36,30,0,1.12,CN,1546190548
113,itaituba,-4.26,-55.99,26,94,40,5.1,BR,1546185600
114,talakan,50.29,130.28,-21.89,61,44,1.9,RU,1546190548
115,narsaq,60.91,-46.05,-16.29,53,44,1.6,GL,1546190549
116,bara,10.41,10.6,24.89,28,0,3.32,NG,1546190550
117,kruisfontein,-34,24.73,19.89,87,64,0.77,ZA,1546190550
118,panaba,21.28,-88.27,30.77,56,36,4.67,MX,1546190550
119,batemans bay,-35.71,150.18,22.82,68,92,1.9,AU,1546190551
121,chernogorsk,53.83,91.31,-32,67,0,1.27,RU,1546189200
122,saskylakh,71.97,114.09,-17.19,61,24,7.07,RU,1546190552
123,olinda,-2.03,-79.75,32,55,20,2.1,EC,1546189200
124,erdenet,49.03,104.04,-28.69,75,48,1.67,MN,1546190552
126,eyl,7.98,49.82,24.39,94,0,8.12,SO,1546190553
127,nelson bay,-32.72,152.14,20,94,0,2.6,AU,1546189800
128,lavrentiya,65.58,-170.99,-19.99,90,48,18.45,RU,1546190553
129,chuy,-33.69,-53.46,25.12,90,36,6.57,UY,1546190555
132,touros,-5.2,-35.46,31,58,20,6.7,BR,1546189200
133,dukhovnitskoye,52.48,48.21,-14.41,82,56,1.9,RU,1546190556
134,namatanai,-3.66,152.44,26.14,100,88,4.52,PG,1546190556
135,cabra,37.47,-4.43,13.97,38,0,2.6,ES,1546189200
136,terpinnya,46.97,35.42,-1.41,96,88,2.27,UA,1546190557
137,sitka,37.17,-99.65,0.47,75,0,3.87,US,1546190557
138,saint-philippe,45.36,-73.48,-9.11,78,90,1,CA,1546189200
139,virginia beach,36.85,-75.98,9.67,77,75,2.1,US,1546189320
140,tiksi,71.64,128.87,-23.11,68,32,13.42,RU,1546190558
141,barrow,-38.31,-60.23,23.14,50,0,2.65,AR,1546190558
142,henties bay,-22.12,14.28,19.12,84,0,2.05,NA,1546190558
143,usinsk,66,57.56,-11.04,85,80,7.02,RU,1546190559
144,maryville,40.35,-94.87,0.53,47,1,7.7,US,1546188900
145,manuk mangkaw,4.8,119.85,28.42,99,20,4.42,PH,1546190559
146,nizhneangarsk,55.78,109.57,-30.51,31,0,1.75,RU,1546190560
147,leningradskiy,69.38,178.42,-22.61,82,48,6.4,RU,1546190560
148,mao,19.55,-71.08,27,83,40,6.2,DO,1546189200
149,lasa,34.92,32.53,11,87,40,2.6,CY,1546188600
150,ukiah,39.15,-123.21,5.6,85,1,1.75,US,1546188960
151,port hardy,50.7,-127.42,3,93,75,3.1,CA,1546185600
152,tuktoyaktuk,69.44,-133.03,-25,75,5,4.6,CA,1546185600
153,boyolangu,-8.09,111.9,21.52,96,92,1.22,ID,1546190562
154,westport,53.8,-9.52,9,100,75,5.7,IE,1546189200
156,hofn,64.25,-15.21,2,93,90,2.6,IS,1546189200
157,butaritari,3.07,172.79,28.07,100,56,6.77,KI,1546190563
158,katsuura,33.93,134.5,6,48,40,7.2,JP,1546189200
160,ziro,27.54,93.82,3.87,67,0,0.85,IN,1546190564
161,ancud,-41.87,-73.83,13,87,90,6.7,CL,1546189200
162,shingu,33.72,135.99,7.47,100,12,7.9,JP,1546190419
163,port hedland,-20.31,118.58,26,83,56,5.7,AU,1546189200
165,ponta do sol,-20.63,-46,26.09,85,32,2.82,BR,1546190566
166,honiara,-9.43,159.96,22.87,100,100,2.02,SB,1546190566
168,clarence town,-32.59,151.78,20,94,0,2.6,AU,1546189800
169,sudislavl,57.88,41.71,-6.04,87,92,5.8,RU,1546190567
170,hobyo,5.35,48.53,24.82,86,36,7.15,SO,1546190567
171,kavaratti,10.57,72.64,28.72,100,0,3.5,IN,1546190568
172,itarema,-2.92,-39.92,29.89,73,48,5.27,BR,1546190568
173,chara,39.42,22.43,7.64,65,75,2.6,GR,1546188600
174,tevaitoa,-16.78,-151.5,27.99,100,12,7.65,PF,1546190570
175,brae,60.4,-1.35,10,93,92,12.9,GB,1546188600
176,tongzi,28.78,105.09,0.32,97,68,1.22,CN,1546190571
177,coahuayana,18.62,-100.35,24.42,46,88,1.37,MX,1546190571
179,birin,35.01,36.67,7.12,99,92,0.85,SY,1546190571
180,san cristobal,-0.39,-78.55,25,25,40,4.1,EC,1546189200
181,uinskoye,56.88,56.58,-16.84,69,64,3.27,RU,1546190573
182,caravelas,-17.73,-39.27,26.82,99,56,7.92,BR,1546190573
183,payo,-3.75,103.64,22.09,97,76,1.5,ID,1546190573
184,bambous virieux,-20.34,57.76,27,83,20,3.3,MU,1546189200
186,goderich,43.74,-81.71,-0.89,87,56,7.6,CA,1546190574
187,tessalit,20.2,1.01,20.34,32,12,2.02,ML,1546190574
188,port moresby,-9.47,147.16,26,88,90,8.75,PG,1546185600
189,toma,43.82,142.6,-10.14,81,32,0.95,JP,1546190575
190,raudeberg,61.99,5.14,3,93,75,7.2,NO,1546188600
191,kajaani,64.22,27.73,-13,92,90,1.5,FI,1546188600
192,hambantota,6.12,81.12,26.59,100,48,7.67,LK,1546190576
193,san patricio,-26.98,-56.83,29.42,88,24,0.85,PY,1546190576
194,codrington,-28.95,153.24,18.05,93,8,2.1,AU,1546189200
195,puerto ayora,-0.74,-90.35,29,66,75,8.7,EC,1546189200
196,thabazimbi,-24.59,27.41,22.64,62,88,1.4,ZA,1546190578
197,fort nelson,58.81,-122.69,-17,77,90,1,CA,1546188120
198,przasnysz,53.02,20.88,4,93,90,2.1,PL,1546189200
199,hithadhoo,-0.6,73.08,28.32,100,20,2.07,MV,1546190578
200,rawson,-43.3,-65.11,24.42,25,0,6.35,AR,1546190579
201,srandakan,-7.94,110.25,22.52,100,100,2.57,ID,1546190579
202,dharangaon,21.01,75.27,10.77,58,0,2.25,IN,1546190580
203,porto novo,-23.68,-45.44,32,46,40,3.6,BR,1546189200
204,pevek,69.7,170.27,-23.16,86,64,4.07,RU,1546190581
205,mount gambier,-37.83,140.78,10,93,0,3.1,AU,1546189200
206,jaynagar-majilpur,22.18,88.42,15,77,0,2.6,IN,1546189200
207,pauini,-7.71,-67,27.49,85,80,1.75,BR,1546190581
208,pierre,44.37,-100.35,2.2,72,75,4.1,US,1546188780
210,mont-de-marsan,43.89,-0.5,3.76,93,90,2.1,FR,1546187400
212,vao,59.1,26.19,0.02,99,88,1.75,EE,1546190583
213,xining,36.62,101.77,-15.14,38,0,1.95,CN,1546190583
215,mar del plata,-46.43,-67.52,22.42,35,8,11.3,AR,1546190404
216,tigzirt,36.57,4.2,9.02,81,12,0.92,DZ,1546190584
217,mayaky,47.44,29.56,-4.04,76,68,1.27,UA,1546190585
218,fortuna,38.18,-1.13,12.68,76,0,1.5,ES,1546189200
219,mildura,-34.18,142.16,23,64,0,2.6,AU,1546189200
221,santa fe,-31.62,-60.7,26.64,83,24,6.25,AR,1546190587
222,chengde,40.97,117.93,-23.84,53,12,0.82,CN,1546190467
223,waipawa,-39.94,176.59,16.57,79,12,3.82,NZ,1546190587
224,hasaki,35.73,140.83,-3.07,68,20,1,JP,1546189200
225,rio grande,-32.03,-52.1,33,49,0,3.6,BR,1546189200
226,pangnirtung,66.15,-65.72,-16.89,88,80,3.72,CA,1546190588
227,upernavik,72.79,-56.15,-12.41,100,36,2.87,GL,1546190589
228,mangrol,25.33,76.51,8.22,74,0,1.72,IN,1546190589
229,mahendragarh,28.27,76.15,6.34,80,0,1.67,IN,1546190589
232,ocos,14.51,-92.19,30.94,49,5,3.1,GT,1546189500
233,umea,63.83,20.26,-9,85,0,2.6,SE,1546188600
234,swift current,50.29,-107.8,-10,92,90,5.1,CA,1546188480
235,nikolskoye,59.7,30.79,0,90,90,2,RU,1546189200
236,zhigansk,66.77,123.37,-30.19,33,76,3.82,RU,1546190591
237,broome,52.47,1.45,10.71,93,75,2.6,GB,1546188960
238,medgidia,44.24,28.27,1,100,20,2.6,RO,1546187400
239,mulchen,-37.72,-72.23,22,43,0,5.1,CL,1546189200
240,allada,6.67,2.15,30,74,20,5.7,BJ,1546185600
241,buchmany,51.07,28.04,0.27,98,92,3.72,UA,1546190593
242,kaitangata,-46.28,169.85,12.67,86,48,2.42,NZ,1546190593
244,angoche,-16.23,39.91,28.59,100,12,3.25,MZ,1546190594
245,ballina,54.11,-9.15,9,100,75,5.7,IE,1546189200
246,blagoyevo,63.37,47.92,-3.99,91,88,2.47,RU,1546190595
248,guerrero negro,27.97,-114.04,15.34,58,0,5.85,MX,1546190595
249,saint-pierre,48.95,4.24,6.65,100,90,3.6,FR,1546187400
250,podlesnoye,54.32,47.61,-15.11,77,44,3.65,RU,1546190596
251,mehamn,71.03,27.85,-3,79,75,4.6,NO,1546188600
252,le port,42.87,1.37,16,23,0,2.1,FR,1546185600
253,itoman,26.12,127.67,15.47,67,75,4.6,JP,1546189200
254,beira,43.2,-8.36,12.52,76,0,1,ES,1546189200
255,marystown,47.17,-55.16,-0.74,100,48,8.52,CA,1546190598
256,mogadishu,2.04,45.34,26.24,100,0,8.67,SO,1546190488
257,constitucion,23.99,-104.67,14,47,90,8.2,MX,1546188120
258,clyde river,70.47,-68.59,-27,75,90,2.1,CA,1546185600
259,airai,-8.93,125.41,21.24,95,76,0.4,TL,1546190600
260,te anau,-45.41,167.72,13.12,98,92,1.15,NZ,1546190600
261,victoria,5.28,115.24,26.45,88,75,2.1,BN,1546189200
262,kazerun,29.62,51.65,9.84,99,100,0.95,IR,1546190579
264,senanga,-16.1,23.3,22.07,88,56,1.6,ZM,1546190601
265,colesberg,-30.72,25.1,23.32,41,92,1.97,ZA,1546190602
266,male,50.74,33.7,-7.79,86,76,2.8,UA,1546190602
267,ornskoldsvik,63.29,18.72,-11.55,92,0,2.1,SE,1546188600
268,tura,25.52,90.21,11.64,89,0,2.92,IN,1546190603
270,meadow lake,54.13,-108.44,-19,84,90,5.1,CA,1546189200
271,podolinec,49.26,20.54,1,86,75,5.7,SK,1546189200
273,saint-leu,-21.15,55.28,27.52,65,100,3.6,RE,1546189200
274,hervey bay,-25.3,152.85,21,88,40,2.6,AU,1546189200
275,sinnamary,5.38,-52.96,24.84,100,92,3.1,GF,1546190606
276,dingle,11,122.67,23.82,97,44,4.2,PH,1546190606
277,severo-kurilsk,50.68,156.12,-4.51,100,48,2.25,RU,1546190607
278,half moon bay,37.46,-122.43,8.6,79,75,2.6,US,1546188960
279,zhezkazgan,47.8,67.71,-11.69,76,68,3.25,KZ,1546190608
280,south venice,27.05,-82.42,26.6,69,40,4.6,US,1546190100
282,almaznyy,48.03,40.04,-3,92,75,8,RU,1546189200
283,kichera,55.93,110.1,-30.51,31,0,1.75,RU,1546190609
284,la rioja,-29.41,-66.86,21.97,100,56,1.52,AR,1546190609
285,urusha,54.05,122.9,-31.89,37,0,1.12,RU,1546190609
286,ilulissat,69.22,-51.1,-10,56,40,8.2,GL,1546188600
287,narasannapeta,18.42,84.04,10.37,98,0,1.15,IN,1546190610
289,nabire,-3.36,135.5,20.34,96,80,0.4,ID,1546190611
290,lazaro cardenas,28.39,-105.62,2,59,90,4.1,MX,1546188000
292,pimentel,-3.7,-45.5,29.99,73,64,1.6,BR,1546190612
293,port augusta,-32.49,137.76,18,82,0,6.7,AU,1546189200
295,davila,18.47,120.58,22.59,100,92,13.1,PH,1546190613
296,progreso,-34.68,-56.22,23.51,73,40,1.5,UY,1546189200
297,kalmunai,7.42,81.82,22.47,93,48,2.3,LK,1546190613
299,aranos,-24.14,19.11,21.49,72,80,6.55,NA,1546190615
300,healdsburg,38.61,-122.87,2.83,100,1,4.32,US,1546188960
301,bambanglipuro,-7.95,110.28,22.52,100,100,2.57,ID,1546190615
302,yulin,38.3,109.75,-13.74,75,32,4,CN,1546190616
303,esmeraldas,-19.76,-44.31,25.85,83,75,7.2,BR,1546189200
304,arona,45.76,8.56,9.52,22,0,7.7,IT,1546188600
305,castro,-42.48,-73.76,13,87,90,6.7,CL,1546189200
306,ossora,59.24,163.07,-24.86,79,0,3.82,RU,1546190618
307,lazarev,52.23,141.51,-17.61,54,0,5.55,RU,1546190618
309,najran,17.54,44.22,25,17,0,2.1,SA,1546185600
310,hami,42.84,93.51,-20.54,52,0,1.27,CN,1546190619
311,krasnaya zarya,52.78,37.69,-8.26,89,80,3.72,RU,1546190620
312,nisia floresta,-6.09,-35.21,31,55,20,7.7,BR,1546189200
313,nome,30.04,-94.42,8.93,99,90,3.47,US,1546190100
314,gornorechenskiy,44.26,135.11,-17.24,69,0,3.4,RU,1546190621
315,daru,7.99,-10.85,31.92,45,44,1.75,SL,1546190622
316,baherden,38.44,57.43,2.34,99,68,2.72,TM,1546190622
317,arraial do cabo,-22.97,-42.02,30.28,66,20,7.2,BR,1546189200
318,burgeo,47.61,-57.61,-1.41,100,8,11.92,CA,1546190623
319,pacific grove,36.62,-121.92,4.81,76,75,3.05,US,1546188900
320,paragominas,-3,-47.35,28.64,80,88,1.85,BR,1546190623
321,kasane,-17.8,25.16,24,83,75,3.6,BW,1546189200
322,rocha,-34.48,-54.34,24.22,70,0,6.9,UY,1546190624
323,chulman,56.84,124.9,-33.76,43,32,0.95,RU,1546190624
324,iwanai,42.97,140.51,2.14,100,56,6.9,JP,1546190625
325,chaoyang,41.58,120.44,-21.44,59,0,1.17,CN,1546190625
326,muros,42.77,-9.06,11.44,66,0,2.15,ES,1546189200
327,kinablangan,7.69,126.55,25.32,100,68,1.35,PH,1546190627
328,san jeronimo,-13.65,-73.37,13,54,75,4.1,PE,1546189200
329,sao simao,-21.48,-47.55,31.31,46,75,3.47,BR,1546189200
330,kahama,-3.83,32.6,19.84,89,12,1.3,TZ,1546190628
331,isangel,-19.55,169.27,25.52,100,20,8.22,VU,1546190628
332,teya,21.05,-89.07,28,65,75,3.6,MX,1546188420
333,cuamba,-14.8,36.54,23.09,89,32,1.3,MZ,1546190630
334,maketu,-37.76,176.45,15.92,100,20,3.17,NZ,1546190630
335,cidreira,-30.17,-50.22,28.07,93,32,2.92,BR,1546190630
336,fuling,29.71,107.39,-1.91,96,0,1.15,CN,1546190631
337,arman,59.7,150.17,-32.09,38,0,1.5,RU,1546190631
338,palamos,41.85,3.13,13,58,0,2.1,ES,1546189200
339,klaksvik,62.23,-6.59,9,100,76,7.7,FO,1546188600
340,lagunas,-5.23,-75.68,28.99,75,68,1.37,PE,1546190633
341,kattivakkam,13.22,80.32,26,69,40,4.1,IN,1546189200
343,kasempa,-13.46,25.83,20.52,86,0,2.72,ZM,1546190633
344,shirokiy,53.87,39.17,-8.14,83,36,4.22,RU,1546190634
345,carutapera,-1.2,-46.02,28.59,78,88,3.5,BR,1546190634
346,faanui,-16.48,-151.75,27.87,100,12,7.3,PF,1546190634
347,darhan,49.49,105.92,-30.49,31,32,1.25,MN,1546190635
348,burnie,-41.05,145.91,15.34,100,36,4.37,AU,1546190635
349,walvis bay,-22.95,14.51,18.49,100,0,2.12,NA,1546190635
350,ko samui,9.54,99.94,27.12,100,68,5,TH,1546190636
351,bredasdorp,-34.53,20.04,23,60,0,3.1,ZA,1546189200
352,lorengau,-2.02,147.27,29.09,98,80,6.9,PG,1546190637
353,prieska,-29.67,22.74,20.97,71,36,1.27,ZA,1546190637
354,cam ranh,11.92,109.15,25,83,75,7.7,VN,1546189200
355,katobu,-4.94,122.53,28.34,93,24,2.65,ID,1546190637
356,pyinmana,19.74,96.21,19.07,79,56,1.07,MM,1546190638
358,ginda,30.69,78.49,-4.16,96,0,0.85,IN,1546190638
359,tombouctou,16.77,-3.01,25.87,24,32,2.4,ML,1546190353
361,avera,33.19,-82.53,13.89,98,90,1.5,US,1546189860
363,port hawkesbury,45.62,-61.36,-6,73,90,6.2,CA,1546187880
364,pochutla,15.74,-96.47,30.43,45,5,2.37,MX,1546188120
365,padang,-0.92,100.36,25,88,40,2.1,ID,1546189200
366,vanavara,60.35,102.28,-31.49,37,0,2.4,RU,1546190641
367,kamenka,53.19,44.05,-10.41,88,80,3.6,RU,1546190641
368,velingara,13.64,-16.01,33.97,18,8,1.67,SN,1546190642
369,mount isa,-20.73,139.49,32,33,0,5.1,AU,1546189200
370,lata,30.78,78.62,-4.16,96,0,0.85,IN,1546190643
371,denpasar,-8.65,115.22,28,78,20,3.1,ID,1546187400
372,lander,42.83,-108.73,-2.8,60,1,3.1,US,1546185180
374,roald,62.58,6.12,3.29,86,75,7.2,NO,1546188600
375,palmas bellas,9.23,-80.09,30,62,20,6.7,PA,1546185600
377,penzance,50.12,-5.53,9.61,100,75,2.1,GB,1546188600
379,lagoa,37.14,-8.45,18,48,0,6.7,PT,1546187400
380,temir,49.14,57.13,-12.09,80,64,1.5,KZ,1546190647
381,toropets,56.5,31.64,-2.41,97,88,2.07,RU,1546190648
382,port-gentil,-0.72,8.78,28,83,20,3.1,GA,1546189200
383,panalingaan,8.78,117.42,24.62,100,24,2.3,PH,1546190649
384,grand gaube,-20.01,57.66,27,83,20,4.87,MU,1546189200
385,skjervoy,70.03,20.97,-3,73,75,6.7,NO,1546188600
386,maybole,55.35,-4.68,10.55,93,75,2.6,GB,1546188600
387,bow island,49.87,-111.38,-3,79,90,9.8,CA,1546185600
388,sume,43.62,20.22,1.64,96,75,1.5,RS,1546189200
389,madang,-5.21,145.81,23.52,100,68,2.85,PG,1546190651
390,pachino,36.72,15.09,13,76,0,2.1,IT,1546185000
391,codajas,-3.84,-62.06,30.67,68,56,2.35,BR,1546190652
392,champua,22.04,85.66,6.24,73,0,1.17,IN,1546190652
393,saint george,39.45,22.34,7.62,65,75,2.6,GR,1546188600
394,sawtell,-30.38,153.1,20.71,78,0,5.7,AU,1546189200
395,aku,7.36,7.54,31.14,26,0,4,NG,1546190654
396,pandan,11.72,122.09,26.74,100,76,9.12,PH,1546190654
397,tanout,14.97,8.88,21.24,31,12,4.75,NE,1546190654
398,oskarshamn,57.26,16.44,1,100,0,2.6,SE,1546188600
399,solnechnyy,50.72,136.64,-24.74,60,0,2.15,RU,1546190655
400,marsa matruh,31.35,27.25,15,82,40,3.1,EG,1546185600
401,yacuiba,-22.01,-63.68,35,53,75,3.05,AR,1546189200
402,charters towers,-20.07,146.27,22.24,82,80,4.85,AU,1546190656
404,kamir,30.43,73.04,8.92,88,0,1.3,PK,1546190657
405,bago,17.34,96.48,23,83,40,1.5,MM,1546189200
406,baruun-urt,46.68,113.28,-24.59,53,56,1.3,MN,1546190658
407,muzhi,65.4,64.7,-24.91,60,56,4.15,RU,1546190658
408,turayf,31.68,38.65,11,57,75,2.1,SA,1546185600
409,ulaanbaatar,47.92,106.92,-32,67,0,1,MN,1546189200
410,marovoay,-16.11,46.64,26,88,20,2.1,MG,1546189200
411,norman wells,65.28,-126.83,-29,75,5,1.5,CA,1546185600
412,conde,-11.81,-37.61,30.14,61,64,4.52,BR,1546190660
413,omboue,-1.57,9.26,27.22,100,36,2.7,GA,1546190661
414,grand-lahou,5.24,-5,29.17,63,20,3.85,CI,1546190662
415,haines junction,60.75,-137.51,-18.26,70,92,1.02,CA,1546190662
416,necochea,-38.55,-58.74,20.59,82,0,4.32,AR,1546190662
417,bangkalan,-7.05,112.74,27,74,20,2.1,ID,1546189200
418,auki,12.18,6.51,25.57,28,0,3.92,NG,1546190663
419,salinas,36.67,-121.66,4.85,79,75,2.6,US,1546188900
420,presidencia roque saenz pena,-26.79,-60.44,33.37,95,12,1.02,AR,1546190665
421,holme,53.7,-2.31,10,87,75,2.6,GB,1546188600
422,ewa beach,21.32,-158.01,24.63,73,40,3.1,US,1546189560
423,kaeo,-35.1,173.78,12.87,89,0,1.3,NZ,1546190666
424,abu kamal,34.45,40.92,9.17,97,100,2.65,SY,1546190666
425,carupano,10.67,-63.26,26.49,79,32,6.42,VE,1546190666
426,las margaritas,16.32,-91.98,22.67,54,0,1.37,MX,1546190429
427,kununurra,-15.77,128.74,24,94,90,10.8,AU,1546189500
428,nanortalik,60.14,-45.24,-4.49,92,32,3.82,GL,1546190668
429,trinidad,-33.52,-56.9,26,65,40,5.7,UY,1546189200
430,ust-nera,64.57,143.24,-48.11,0,24,0.7,RU,1546190668
431,dalvik,57.79,14.13,-1,100,40,2.6,SE,1546188600
432,san buenaventura,27.06,-101.55,5,80,90,3.6,MX,1546188600
433,ellisras,-23.67,27.74,19.49,94,80,3.27,ZA,1546190670
434,kaduna,10.52,7.44,25.52,26,0,4.62,NG,1546190670
435,grindavik,63.84,-22.43,5.95,100,90,6.2,IS,1546189200
436,kamaishi,39.28,141.86,-0.59,80,0,4.5,JP,1546190671
437,oranjemund,-28.55,16.43,17.74,89,0,10.72,ZA,1546190671
438,iqaluit,63.75,-68.52,-21,70,20,6.2,CA,1546189200
439,batagay,67.65,134.64,-40.99,0,44,1.27,RU,1546190672
440,since,47.63,-2.69,8.7,100,90,3.6,FR,1546187400
441,hvide sande,56.01,8.13,3,100,12,1,DK,1546188600
442,faya,18.39,42.45,15.52,72,0,1.5,SA,1546185600
443,dunedin,-45.87,170.5,13.74,99,76,1.3,NZ,1546190673
444,general pico,-35.66,-63.75,23.77,61,0,2.2,AR,1546190674
445,vinh,18.67,105.69,8.64,100,92,5.2,VN,1546190675
446,fuengirola,36.54,-4.62,15,72,40,5.1,ES,1546189200
447,mahuva,21.09,71.76,21.84,96,0,6.7,IN,1546190676
449,macomb,40.46,-90.67,-0.42,69,1,5.7,US,1546188900
450,vostok,46.45,135.83,-21.14,69,56,0.82,RU,1546190677
451,inuvik,68.36,-133.71,-24.86,76,40,2.6,CA,1546189200
452,sur,22.57,59.53,21.09,100,0,3.15,OM,1546190761
453,vestmanna,62.16,-7.17,9,100,92,7.7,FO,1546188600
454,juruti,-2.16,-56.09,30.97,60,56,1.47,BR,1546190679
455,port elizabeth,39.31,-74.98,6.47,59,40,3.6,US,1546188960
456,kalabo,-15,22.67,22.62,85,68,3.2,ZM,1546190680
457,ponta delgada,37.73,-25.67,18,82,75,10.3,PT,1546187400
458,abu samrah,35.3,37.18,4.32,93,20,1.37,SY,1546190681
459,lucapa,-8.42,20.74,19.32,100,68,0.8,AO,1546190681
460,vysokogornyy,50.1,139.13,-26.44,65,8,1.07,RU,1546190681
461,solon,41.39,-81.44,2.26,62,40,3.1,US,1546188960
462,cairns,-16.92,145.77,26,78,40,8.2,AU,1546189200
463,kinwat,19.62,78.2,7.74,71,0,1.45,IN,1546190682
464,cadillac,44.25,-85.4,-2.17,74,75,6.2,US,1546188900
465,kansanshi,-12.1,26.43,16.89,95,12,2.85,ZM,1546190683
466,chapais,49.78,-74.86,-17,70,75,4.6,CA,1546189200
467,zhanaozen,43.35,52.85,0.82,83,88,5.57,KZ,1546190684
468,putina,-14.91,-69.87,15,54,40,3.1,PE,1546189200
469,san jose,15.79,120.99,20.87,100,100,1.25,PH,1546190686
470,pochinki,54.7,44.85,-11.74,78,76,3.95,RU,1546190686
471,labuhan,-2.54,115.51,22.14,97,76,0.25,ID,1546190687
473,nuuk,64.17,-51.74,-1,58,75,7.2,GL,1546188600
475,digby,44.62,-65.76,-5.14,100,76,4.27,CA,1546190569
476,longview,32.5,-94.74,6.22,74,90,1.95,US,1546190100
478,dingwall,57.6,-4.43,10.73,87,20,9.8,GB,1546188600
479,ulaangom,49.98,92.07,-43.01,0,0,0.32,MN,1546190690
480,sampit,-2.54,112.95,23.84,88,44,2.5,ID,1546190690
481,luocheng,28.29,114.55,-5.69,82,0,1.25,CN,1546190690
482,kerema,-7.96,145.78,21.34,100,80,1.47,PG,1546190453
483,qaqortoq,60.72,-46.03,-2.44,99,32,4.4,GL,1546190430
484,halifax,44.65,-63.58,-10,78,75,5.1,CA,1546185600
485,dongsheng,29.72,112.52,-11.64,67,0,1.37,CN,1546190691
486,byron bay,-28.65,153.62,19.48,78,80,3.6,AU,1546189200
487,gisborne,-38.66,178.02,16.57,81,0,3.17,NZ,1546190588
489,manokwari,-0.87,134.08,27.47,100,64,5.35,ID,1546190692
490,blackfoot,43.19,-112.35,-0.85,75,75,9.8,US,1546188780
492,rundu,-17.91,19.77,23.52,83,0,1.75,NA,1546190693
493,sao joao da barra,-21.64,-41.05,33,55,40,4.1,BR,1546189200
494,ayer tawar,4.3,100.75,26.46,88,75,2.02,MY,1546189200
495,diamantina,-18.24,-43.6,24.59,79,44,1.97,BR,1546190694
496,wanaka,-44.7,169.14,13.14,93,92,0.72,NZ,1546190695
497,arlit,18.74,7.39,17.37,67,44,1.25,NE,1546190695
498,vardo,39.62,-77.74,6.22,57,1,1.52,US,1546188900
499,eucaliptus,-17.6,-67.51,10,71,90,2.6,BO,1546189200
500,tuatapere,-46.13,167.69,13.64,100,92,4.05,NZ,1546190696
501,belance,16.2,121.24,18.09,98,100,1.3,PH,1546190696
502,boa vista,2.82,-60.67,32,38,75,6.2,BR,1546189200
503,san quintin,17.54,120.52,23.07,72,56,3.97,PH,1546190698
504,chimbote,-9.08,-78.59,23.62,79,32,2.65,PE,1546190698
505,igurusi,-8.83,33.85,16.74,91,24,1.37,TZ,1546190698
506,yeniseysk,58.45,92.17,-17.89,66,0,4.2,RU,1546190699
507,tashla,53.71,49.75,-16,84,90,3.42,RU,1546189200
508,salalah,17.01,54.1,25,61,75,3.1,OM,1546188600
509,wilmington,39.75,-75.55,5.13,57,1,1.5,US,1546188900
510,sangar,63.92,127.47,-36.19,0,76,2.47,RU,1546190700
511,caetes,-8.77,-36.62,32.34,30,8,3.5,BR,1546190701
512,magadan,59.56,150.8,-19.34,100,8,4.87,RU,1546190701
513,bijie,27.3,105.3,-4.76,86,88,1.22,CN,1546190701
514,sept-iles,50.2,-66.38,-16,49,75,1.5,CA,1546185600
515,beidao,34.57,105.89,-10.66,91,48,2.57,CN,1546190702
516,decatur,35.51,-84.79,10.17,76,90,1.3,US,1546190100
517,road town,18.42,-64.62,29.67,55,40,5.1,VG,1546189200
518,runkel,50.4,8.16,5.78,51,90,4.1,DE,1546188960
519,awjilah,29.14,21.3,9.89,80,8,2.6,LY,1546190703
520,blackwater,51.33,-0.78,10,87,75,4.1,GB,1546188600
521,axim,4.87,-2.24,28.59,97,0,3.85,GH,1546190705
522,kirakira,-10.46,161.92,24.87,100,92,3.77,SB,1546190706
523,willmar,45.12,-95.04,-3.97,79,75,4.45,US,1546190100
524,puerto del rosario,28.5,-13.86,19,72,75,3.1,ES,1546189200
525,baiyin,36.55,104.13,-10,85,90,1.27,CN,1546189200
526,kurumkan,54.33,110.32,-36.29,0,0,1,RU,1546190707
527,havre-saint-pierre,50.23,-63.6,-16,54,20,4.1,CA,1546189200
528,alanya,36.55,32,9,93,75,1,TR,1546188600
529,billings,45.79,-108.5,2.8,49,75,6.7,US,1546188780
530,manzanillo,20.34,-77.12,27.32,92,0,5.65,CU,1546190708
531,abonnema,4.71,6.79,31,70,0,4.1,NG,1546185600
532,manaus,-3.13,-59.98,29.98,66,40,2.6,BR,1546189200
534,husavik,50.56,-96.99,-12.59,96,68,5.22,CA,1546190710
535,morondava,-20.3,44.28,29.02,81,24,2.07,MG,1546190710
536,college,64.86,-147.8,-15.54,81,75,2.07,US,1546189080
538,torrington,42.06,-104.18,5.65,34,1,8.7,US,1546188900
541,naryan-mar,67.67,53.09,-3.79,90,80,7.97,RU,1546190712
542,aberystwyth,52.41,-4.08,9.39,97,92,2.42,GB,1546190712
543,karoi,-16.82,29.68,21.57,82,8,3.77,ZW,1546190712
544,hailey,43.52,-114.32,-4,85,75,4.6,US,1546188840
545,erzin,36.95,36.2,6.51,81,75,6.2,TR,1546188600
546,duku,11.24,4.91,28.57,27,0,3.7,NG,1546190714
547,shubarshi,48.59,57.19,-10.74,84,68,2.25,KZ,1546190714
548,quirinopolis,-18.45,-50.45,26.47,91,44,2.97,BR,1546190714
549,yarmouth,50.71,-1.5,10,93,75,2.1,GB,1546188600
550,aripuana,-9.17,-60.63,28.67,83,64,1.15,BR,1546190715
551,vinh yen,21.31,105.6,9,81,20,4.1,VN,1546189200
552,mumford,5.26,-0.76,29.47,61,8,3.75,GH,1546190716
553,luena,-11.78,19.91,22,78,75,2.1,AO,1546185600
554,poum,41.28,20.71,2,51,20,3.1,MK,1546189200
555,geraldton,49.72,-86.95,-13,84,90,1.57,CA,1546189200
557,yoichi,43.19,140.77,0.52,100,88,5.55,JP,1546190718
558,mae ramat,16.98,98.52,19.92,96,80,1,TH,1546190718
560,conceicao do araguaia,-8.26,-49.26,27.27,100,80,3.17,BR,1546190718
561,alexandria,31.31,-92.44,8.77,82,90,2.6,US,1546190100
562,marzuq,14.4,46.47,9.57,84,0,1.17,YE,1546190720
563,pitimbu,-7.47,-34.81,31,52,20,5.7,BR,1546189200
564,stepnoye,51.38,46.84,-16,91,0,1,RU,1546189200
565,areado,-21.36,-46.15,27.09,80,32,2.35,BR,1546190721
566,kiruna,67.86,20.23,-8,85,0,6.7,SE,1546188600
567,paidha,2.42,30.99,19.49,94,64,0.72,UG,1546190722
569,healesville,-37.65,145.52,16.49,67,90,2.1,AU,1546189200
570,rolla,37.95,-91.77,0.62,74,1,2.6,US,1546188960
571,sechura,-5.56,-80.82,27.22,71,0,5.75,PE,1546190723
572,vyshkov,52.48,31.69,-1,100,90,5,RU,1546189200
573,dzhebariki-khaya,62.22,135.8,-37.49,0,68,1.15,RU,1546190724
574,burgos,42.34,-3.7,8,42,0,2.6,ES,1546189200
575,verkhoyansk,67.55,133.39,-38.99,0,44,1.12,RU,1546190725
576,dhana,23.75,78.86,6.09,73,0,1.25,IN,1546190725
577,la ronge,55.1,-105.3,-31,74,20,1.7,CA,1546189200
578,belle fourche,44.67,-103.85,1.27,73,40,6.2,US,1546190100
579,hohoe,7.15,0.48,30.02,43,0,1.07,GH,1546190726
580,lompoc,34.64,-120.46,7.57,92,1,2.72,US,1546190100
581,woodward,36.43,-99.39,3.36,48,1,9.3,US,1546188900
583,sao filipe,14.9,-24.5,23.99,86,8,4.22,CV,1546190727
584,maceio,-9.67,-35.74,32,43,0,5.7,BR,1546189200
585,kandalaksha,67.15,32.41,-11.41,76,0,2.37,RU,1546190728
586,orlik,52.51,99.83,-35.61,0,0,1.52,RU,1546190728
587,alekseyevsk,57.84,108.35,-32.61,41,0,1.07,RU,1546190729
588,maniwaki,46.38,-75.98,-9.66,65,68,1.92,CA,1546190729
589,mabaruma,8.2,-59.78,26.07,82,88,4.3,GY,1546190730
590,fukuyama,34.52,133.33,-6.41,88,56,1.37,JP,1546190730
591,wanning,48.64,13.53,5,80,75,8.2,AT,1546188600
592,bereznik,62.86,42.71,-3.79,77,36,4.42,RU,1546190731
593,jardim,-21.48,-56.15,29.17,87,48,3.32,BR,1546190586
594,umm lajj,25.02,37.27,17.72,100,80,4.45,SA,1546190732
596,waitati,-45.75,170.57,13.74,99,76,1.3,NZ,1546190732
598,spearfish,44.49,-103.86,1.22,73,40,6.2,US,1546190100
599,okhotsk,59.36,143.24,-27.44,100,0,3.62,RU,1546190733
600,alofi,-19.06,-169.92,26,88,88,4.1,NU,1546185600
601,sambava,-14.27,50.17,28.57,100,88,5.1,MG,1546190735
602,norfolk,36.85,-76.29,9.85,68,20,2.6,US,1546190100
603,soanierana ivongo,-16.92,49.59,26.92,98,56,2.42,MG,1546190735
604,ridgecrest,35.62,-117.67,1.7,41,1,2.1,US,1546188960
